   1.7806100e+02  -1.5022870e+00
   1.7844200e+02  -1.4813888e+00
   1.7882300e+02  -1.4605055e+00
   1.7920300e+02  -1.4396370e+00
   1.7958400e+02  -1.4187830e+00
   1.7996500e+02  -1.3979434e+00
   1.8034500e+02  -1.3771179e+00
   1.8072600e+02  -1.3563060e+00
   1.8110600e+02  -1.3355072e+00
   1.8148700e+02  -1.3147209e+00
   1.8186700e+02  -1.2939462e+00
   1.8224800e+02  -1.2731823e+00
   1.8262800e+02  -1.2524278e+00
   1.8300800e+02  -1.2316815e+00
   1.8338900e+02  -1.2109416e+00
   1.8376900e+02  -1.1902062e+00
   1.8414900e+02  -1.1694728e+00
   1.8453000e+02  -1.1487388e+00
   1.8491000e+02  -1.1280010e+00
   1.8529000e+02  -1.1072554e+00
   1.8567000e+02  -1.0864977e+00
   1.8605000e+02  -1.0657226e+00
   1.8643000e+02  -1.0449241e+00
   1.8681000e+02  -1.0240951e+00
   1.8719000e+02  -1.0032272e+00
   1.8757000e+02  -9.8231074e-01
   1.8795000e+02  -9.6133444e-01
   1.8833000e+02  -9.4028506e-01
   1.8871000e+02  -9.1914711e-01
   1.8909000e+02  -8.9790256e-01
   1.8947000e+02  -8.7653026e-01
   1.8985000e+02  -8.5500556e-01
   1.9022900e+02  -8.3329958e-01
   1.9060900e+02  -8.1137907e-01
   1.9098900e+02  -7.8920539e-01
   1.9136800e+02  -7.6672065e-01
   1.9174800e+02  -7.4383939e-01
   1.9212800e+02  -7.2050194e-01
   1.9250700e+02  -6.9665085e-01
   1.9288700e+02  -6.7223376e-01
   1.9326600e+02  -6.4719581e-01
   1.9364600e+02  -6.2148656e-01
   1.9402500e+02  -5.9505636e-01
   1.9440400e+02  -5.6789795e-01
   1.9478400e+02  -5.4006399e-01
   1.9516300e+02  -5.1165282e-01
   1.9554200e+02  -4.8280092e-01
   1.9592200e+02  -4.5373429e-01
   1.9630100e+02  -4.2479371e-01
   1.9668000e+02  -3.9644189e-01
   1.9705900e+02  -3.6919197e-01
   1.9743800e+02  -3.4341112e-01
   1.9781700e+02  -3.0756583e-01
   1.9819700e+02  -2.7017130e-01
   1.9857600e+02  -2.3065169e-01
   1.9895500e+02  -1.8856604e-01
   1.9933400e+02  -1.4374799e-01
   1.9971200e+02  -9.5811302e-02
   2.0009100e+02  -4.4507191e-02
   2.0047000e+02   1.0194695e-02
   2.0084900e+02   6.7966127e-02
   2.0122800e+02   1.2821984e-01
   2.0160700e+02   1.8982164e-01
   2.0198500e+02   2.5164691e-01
   2.0236400e+02   3.1306494e-01
   2.0274300e+02   3.7370667e-01
   2.0312100e+02   4.3311811e-01
   2.0350000e+02   4.9114738e-01
   2.0387900e+02   5.4792691e-01
   2.0425700e+02   6.0367384e-01
   2.0463600e+02   6.5827404e-01
   2.0501400e+02   7.1195161e-01
   2.0539200e+02   7.6516030e-01
   2.0577100e+02   8.1821644e-01
   2.0614900e+02   8.7138205e-01
   2.0652800e+02   9.2479441e-01
   2.0690600e+02   9.7833484e-01
   2.0728400e+02   1.0316022e+00
   2.0766200e+02   1.0842199e+00
   2.0804100e+02   1.1357894e+00
   2.0841900e+02   1.1861748e+00
   2.0879700e+02   1.2351646e+00
   2.0917500e+02   1.2827063e+00
   2.0955300e+02   1.3290467e+00
   2.0993100e+02   1.3745055e+00
   2.1030900e+02   1.4192101e+00
   2.1068700e+02   1.4629451e+00
   2.1106500e+02   1.5054718e+00
   2.1144300e+02   1.5466407e+00
   2.1182100e+02   1.5861842e+00
   2.1219900e+02   1.6239640e+00
   2.1257600e+02   1.6598289e+00
   2.1295400e+02   1.6934671e+00
   2.1333200e+02   1.7245708e+00
   2.1371000e+02   1.7529045e+00
   2.1408700e+02   1.7781671e+00
   2.1446500e+02   1.8001199e+00
   2.1484300e+02   1.8186348e+00
   2.1522000e+02   1.8336997e+00
   2.1559800e+02   1.8452901e+00
   2.1597500e+02   1.8533883e+00
   2.1635300e+02   1.8580240e+00
   2.1673000e+02   1.8591559e+00
   2.1710700e+02   1.8566354e+00
   2.1748500e+02   1.8503754e+00
   2.1786200e+02   1.8403690e+00
   2.1824000e+02   1.8265910e+00
   2.1861700e+02   1.8090726e+00
   2.1899400e+02   1.7879341e+00
   2.1937100e+02   1.7632610e+00
   2.1974800e+02   1.7350954e+00
   2.2012600e+02   1.7035417e+00
   2.2050300e+02   1.6687714e+00
   2.2088000e+02   1.6310490e+00
   2.2125700e+02   1.5907242e+00
   2.2163400e+02   1.5481907e+00
   2.2201100e+02   1.5038415e+00
   2.2238800e+02   1.4580635e+00
   2.2276500e+02   1.4112331e+00
   2.2314100e+02   1.3637284e+00
   2.2351800e+02   1.3159092e+00
   2.2389500e+02   1.2680740e+00
   2.2427200e+02   1.2204943e+00
   2.2464900e+02   1.1734179e+00
   2.2502500e+02   1.1270560e+00
   2.2540200e+02   1.0816171e+00
   2.2577900e+02   1.0372977e+00
   2.2615500e+02   9.9427575e-01
   2.2653200e+02   9.5265016e-01
   2.2690800e+02   9.1248870e-01
   2.2728500e+02   8.7387615e-01
   2.2766100e+02   8.3690245e-01
   2.2803800e+02   8.0160408e-01
   2.2841400e+02   7.6795879e-01
   2.2879000e+02   7.3593072e-01
   2.2916700e+02   7.0546976e-01
   2.2954300e+02   6.7650837e-01
   2.2991900e+02   6.4897756e-01
   2.3029500e+02   6.2281020e-01
   2.3067200e+02   5.9793713e-01
   2.3104800e+02   5.7428323e-01
   2.3142400e+02   5.5177036e-01
   2.3180000e+02   5.3032845e-01
   2.3217600e+02   5.0988886e-01
   2.3255200e+02   4.9038841e-01
   2.3292800e+02   4.7176881e-01
   2.3330400e+02   4.5397226e-01
   2.3368000e+02   4.3693888e-01
   2.3405600e+02   4.2061823e-01
   2.3443200e+02   4.0496195e-01
   2.3480800e+02   3.8992043e-01
   2.3518300e+02   3.7544804e-01
   2.3555900e+02   3.6150896e-01
   2.3593500e+02   3.4807680e-01
   2.3631100e+02   3.3513430e-01
   2.3668600e+02   3.2266699e-01
   2.3706200e+02   3.1066051e-01
   2.3743700e+02   2.9909866e-01
   2.3781300e+02   2.8796690e-01
   2.3818800e+02   2.7725192e-01
   2.3856400e+02   2.6694077e-01
   2.3893900e+02   2.5701928e-01
   2.3931500e+02   2.4747242e-01
   2.3969000e+02   2.3828460e-01
   2.4006500e+02   2.2943912e-01
   2.4044100e+02   2.2091935e-01
   2.4081600e+02   2.1271069e-01
   2.4119100e+02   2.0480157e-01
   2.4156600e+02   1.9718126e-01
   2.4194200e+02   1.8983846e-01
   2.4231700e+02   1.8276323e-01
   2.4269200e+02   1.7594667e-01
   2.4306700e+02   1.6938029e-01
   2.4344200e+02   1.6305561e-01
   2.4381700e+02   1.5696473e-01
   2.4419200e+02   1.5110083e-01
   2.4456700e+02   1.4545837e-01
   2.4494200e+02   1.4003254e-01
   2.4531700e+02   1.3481782e-01
   2.4569200e+02   1.2980768e-01
   2.4606600e+02   1.2499551e-01
   2.4644100e+02   1.2037454e-01
   2.4681600e+02   1.1593769e-01
   2.4719000e+02   1.1167696e-01
   2.4756500e+02   1.0758445e-01
   2.4794000e+02   1.0365391e-01
   2.4831400e+02   9.9880083e-02
   2.4868900e+02   9.6257777e-02
   2.4906300e+02   9.2782002e-02
   2.4943800e+02   8.9447651e-02
   2.4981200e+02   8.6249272e-02
   2.5018700e+02   8.3181315e-02
   2.5056100e+02   8.0237760e-02
   2.5093600e+02   7.7412721e-02
   2.5131000e+02   7.4701153e-02
   2.5168400e+02   7.2098665e-02
   2.5205800e+02   6.9601278e-02
   2.5243300e+02   6.7205492e-02
   2.5280700e+02   6.4908458e-02
   2.5318100e+02   6.2707673e-02
   2.5355500e+02   6.0601272e-02
   2.5392900e+02   5.8586831e-02
   2.5430300e+02   5.6661877e-02
   2.5467700e+02   5.4823569e-02
   2.5505100e+02   5.3069368e-02
   2.5542500e+02   5.1396247e-02
   2.5579900e+02   4.9799803e-02
   2.5617300e+02   4.8275634e-02
   2.5654700e+02   4.6820781e-02
   2.5692000e+02   4.5431867e-02
   2.5729400e+02   4.4105023e-02
   2.5766800e+02   4.2836416e-02
   2.5804200e+02   4.1622811e-02
   2.5841500e+02   4.0460602e-02
   2.5878900e+02   3.9346114e-02
   2.5916200e+02   3.8275456e-02
   2.5953600e+02   3.7245106e-02
   2.5991000e+02   3.6251924e-02
   2.6028300e+02   3.5292518e-02
   2.6065600e+02   3.4364181e-02
   2.6103000e+02   3.3464362e-02
   2.6140300e+02   3.2589835e-02
   2.6177700e+02   3.1736884e-02
   2.6215000e+02   3.0901983e-02
   2.6252300e+02   3.0081015e-02
   2.6289600e+02   2.9269519e-02
   2.6327000e+02   2.8463309e-02
   2.6364300e+02   2.7659692e-02
   2.6401600e+02   2.6855976e-02
   2.6438900e+02   2.6049888e-02
   2.6476200e+02   2.5240144e-02
   2.6513500e+02   2.4426880e-02
   2.6550800e+02   2.3610488e-02
   2.6588100e+02   2.2790752e-02
   2.6625400e+02   2.1967333e-02
   2.6662700e+02   2.1140594e-02
   2.6700000e+02   2.0310626e-02
   2.6737300e+02   1.9477807e-02
   2.6774500e+02   1.8643226e-02
   2.6811800e+02   1.7808000e-02
   2.6849100e+02   1.6973387e-02
   2.6886400e+02   1.6140893e-02
   2.6923600e+02   1.5311880e-02
   2.6960900e+02   1.4486960e-02
   2.6998100e+02   1.3667015e-02
   2.7035400e+02   1.2852898e-02
   2.7072600e+02   1.2044895e-02
   2.7109900e+02   1.1242970e-02
   2.7147100e+02   1.0447895e-02
   2.7184400e+02   9.6610701e-03
   2.7221600e+02   8.8838306e-03
   2.7258800e+02   8.1175784e-03
   2.7296100e+02   7.3640695e-03
   2.7333300e+02   6.6247221e-03
   2.7370500e+02   5.9005005e-03
   2.7407700e+02   5.1915532e-03
   2.7445000e+02   4.4980351e-03
   2.7482200e+02   3.8199988e-03
   2.7519400e+02   3.1574724e-03
   2.7556600e+02   2.5106933e-03
   2.7593800e+02   1.8797482e-03
   2.7631000e+02   1.2643337e-03
   2.7668200e+02   6.6421878e-04
   2.7705400e+02   7.9928036e-05
   2.7742600e+02  -4.8810041e-04
   2.7779700e+02  -1.0396524e-03
   2.7816900e+02  -1.5750369e-03
   2.7854100e+02  -2.0939032e-03
   2.7891300e+02  -2.5957273e-03
   2.7928400e+02  -3.0797678e-03
   2.7965600e+02  -3.5449474e-03
   2.8002800e+02  -3.9896700e-03
   2.8039900e+02  -4.4114773e-03
   2.8077100e+02  -4.8078906e-03
   2.8114200e+02  -5.1767105e-03
   2.8151400e+02  -5.5162261e-03
   2.8188500e+02  -5.8250262e-03
   2.8225700e+02  -6.1015801e-03
   2.8262800e+02  -6.3443307e-03
   2.8299900e+02  -6.5525157e-03
   2.8337100e+02  -6.7262711e-03
   2.8374200e+02  -6.8655821e-03
   2.8411300e+02  -6.9704079e-03
   2.8448500e+02  -7.0410859e-03
   2.8485600e+02  -7.0780468e-03
   2.8522700e+02  -7.0823282e-03
   2.8559800e+02  -7.0556508e-03
   2.8596900e+02  -6.9997864e-03
   2.8634000e+02  -6.9169007e-03
   2.8671100e+02  -6.8087922e-03
   2.8708200e+02  -6.6774778e-03
   2.8745300e+02  -6.5253747e-03
   2.8782400e+02  -6.3549980e-03
   2.8819500e+02  -6.1686924e-03
   2.8856500e+02  -5.9684190e-03
   2.8893600e+02  -5.7563009e-03
   2.8930700e+02  -5.5347024e-03
   2.8967800e+02  -5.3067121e-03
   2.9004800e+02  -5.0757911e-03
   2.9041900e+02  -4.8446187e-03
   2.9079000e+02  -4.6159803e-03
   2.9116000e+02  -4.3926220e-03
   2.9153100e+02  -4.1767012e-03
   2.9190100e+02  -3.9694967e-03
   2.9227200e+02  -3.7718236e-03
   2.9264200e+02  -3.5839740e-03
   2.9301200e+02  -3.4062182e-03
   2.9338300e+02  -3.2383557e-03
   2.9375300e+02  -3.0798889e-03
   2.9412300e+02  -2.9300747e-03
   2.9449400e+02  -2.7879281e-03
   2.9486400e+02  -2.6527180e-03
   2.9523400e+02  -2.5239837e-03
   2.9560400e+02  -2.4011481e-03
   2.9597400e+02  -2.2832523e-03
   2.9634400e+02  -2.1702375e-03
   2.9671400e+02  -2.0624351e-03
   2.9708400e+02  -1.9599509e-03
   2.9745400e+02  -1.8624457e-03
   2.9782400e+02  -1.7694294e-03
   2.9819400e+02  -1.6805767e-03
   2.9856400e+02  -1.5957934e-03
   2.9893400e+02  -1.5149691e-03
   2.9930400e+02  -1.4377730e-03
   2.9967300e+02  -1.3631670e-03
   3.0004300e+02  -1.2902630e-03
   3.0041300e+02  -1.2187179e-03
   3.0078200e+02  -1.1483234e-03
   3.0115200e+02  -1.0788336e-03
   3.0152100e+02  -1.0100067e-03
   3.0189100e+02  -9.4180831e-04
   3.0226000e+02  -8.7431615e-04
   3.0263000e+02  -8.0795485e-04
   3.0299900e+02  -7.4345409e-04
   3.0336900e+02  -6.8122366e-04
   3.0373800e+02  -6.2169448e-04
   3.0410700e+02  -5.6484090e-04
   3.0447700e+02  -5.1047203e-04
   3.0484600e+02  -4.5905618e-04
   3.0521500e+02  -4.1058101e-04
   3.0558400e+02  -3.6525081e-04
   3.0595300e+02  -3.2347861e-04
   3.0632200e+02  -2.8575915e-04
   3.0669200e+02  -2.5207612e-04
   3.0706100e+02  -2.2241821e-04
   3.0743000e+02  -1.9682281e-04
   3.0779900e+02  -1.7600358e-04
   3.0816700e+02  -1.6089835e-04
   3.0853600e+02  -1.5249834e-04
   3.0890500e+02  -1.5148268e-04
   3.0927400e+02  -1.5795543e-04
   3.0964300e+02  -1.7178981e-04
   3.1001100e+02  -1.9279903e-04
   3.1038000e+02  -2.2120809e-04
   3.1074900e+02  -2.5753769e-04
   3.1111700e+02  -3.0237075e-04
   3.1148600e+02  -3.5631344e-04
   3.1185500e+02  -4.1998425e-04
   3.1222300e+02  -4.9351920e-04
   3.1259200e+02  -5.7673067e-04
   3.1296000e+02  -6.6907708e-04
   3.1332800e+02  -7.7015795e-04
   3.1369700e+02  -8.7935162e-04
   3.1406500e+02  -9.9609310e-04
   3.1443300e+02  -1.1195267e-03
   3.1480200e+02  -1.2486580e-03
   3.1517000e+02  -1.3828763e-03
   3.1553800e+02  -1.5219762e-03
   3.1590600e+02  -1.6651296e-03
   3.1627400e+02  -1.8115900e-03
   3.1664200e+02  -1.9610874e-03
   3.1701100e+02  -2.1134164e-03
   3.1737900e+02  -2.2684029e-03
   3.1774600e+02  -2.4262273e-03
   3.1811400e+02  -2.5871847e-03
   3.1848200e+02  -2.7513034e-03
   3.1885000e+02  -2.9178623e-03
   3.1921800e+02  -3.0855591e-03
   3.1958600e+02  -3.2533770e-03
   3.1995400e+02  -3.4201070e-03
   3.2032100e+02  -3.5846970e-03
   3.2068900e+02  -3.7461714e-03
   3.2105700e+02  -3.9042631e-03
   3.2142400e+02  -4.0590148e-03
   3.2179200e+02  -4.2105862e-03
   3.2215900e+02  -4.3589709e-03
   3.2252700e+02  -4.5046557e-03
   3.2289400e+02  -4.6484928e-03
   3.2326200e+02  -4.7915324e-03
   3.2362900e+02  -4.9345970e-03
   3.2399600e+02  -5.0781038e-03
   3.2436400e+02  -5.2221919e-03
   3.2473100e+02  -5.3667069e-03
   3.2509800e+02  -5.5112888e-03
   3.2546500e+02  -5.6555670e-03
   3.2583300e+02  -5.7991172e-03
   3.2620000e+02  -5.9414546e-03
   3.2656700e+02  -6.0824975e-03
   3.2693400e+02  -6.2222926e-03
   3.2730100e+02  -6.3612627e-03
   3.2766800e+02  -6.4996499e-03
   3.2803500e+02  -6.6377660e-03
   3.2840200e+02  -6.7756254e-03
   3.2876900e+02  -6.9133084e-03
   3.2913500e+02  -7.0505713e-03
   3.2950200e+02  -7.1867868e-03
   3.2986900e+02  -7.3215068e-03
   3.3023600e+02  -7.4541172e-03
   3.3060200e+02  -7.5838271e-03
   3.3096900e+02  -7.7100603e-03
   3.3133600e+02  -7.8323682e-03
   3.3170200e+02  -7.9501074e-03
   3.3206900e+02  -8.0622765e-03
   3.3243500e+02  -8.1682435e-03
   3.3280200e+02  -8.2678805e-03
   3.3316800e+02  -8.3610340e-03
   3.3353500e+02  -8.4476932e-03
   3.3390100e+02  -8.5283729e-03
   3.3426700e+02  -8.6041379e-03
   3.3463400e+02  -8.6757720e-03
   3.3500000e+02  -8.7436699e-03
   3.3536600e+02  -8.8076610e-03
   3.3573200e+02  -8.8675442e-03
   3.3609800e+02  -8.9235555e-03
   3.3646500e+02  -8.9760153e-03
   3.3683100e+02  -9.0249009e-03
   3.3719700e+02  -9.0704692e-03
   3.3756300e+02  -9.1134413e-03
   3.3792900e+02  -9.1548211e-03
   3.3829400e+02  -9.1954673e-03
   3.3866000e+02  -9.2358835e-03
   3.3902600e+02  -9.2759689e-03
   3.3939200e+02  -9.3155738e-03
   3.3975800e+02  -9.3543326e-03
   3.4012300e+02  -9.3915866e-03
   3.4048900e+02  -9.4271214e-03
   3.4085500e+02  -9.4609584e-03
   3.4122000e+02  -9.4930307e-03
   3.4158600e+02  -9.5226839e-03
   3.4195200e+02  -9.5491434e-03
   3.4231700e+02  -9.5718105e-03
   3.4268300e+02  -9.5906032e-03
   3.4304800e+02  -9.6057771e-03
   3.4341300e+02  -9.6181805e-03
   3.4377900e+02  -9.6286259e-03
   3.4414400e+02  -9.6376244e-03
   3.4450900e+02  -9.6455543e-03
   3.4487500e+02  -9.6521586e-03
   3.4524000e+02  -9.6569899e-03
   3.4560500e+02  -9.6597815e-03
   3.4597000e+02  -9.6604989e-03
   3.4633500e+02  -9.6587856e-03
   3.4670000e+02  -9.6539588e-03
   3.4706500e+02  -9.6460500e-03
   3.4743000e+02  -9.6353707e-03
   3.4779500e+02  -9.6219406e-03
   3.4816000e+02  -9.6058704e-03
   3.4852500e+02  -9.5876771e-03
   3.4889000e+02  -9.5685123e-03
   3.4925500e+02  -9.5494684e-03
   3.4961900e+02  -9.5311455e-03
   3.4998400e+02  -9.5142013e-03
   3.5034900e+02  -9.4993362e-03
   3.5071300e+02  -9.4869142e-03
   3.5107800e+02  -9.4769816e-03
   3.5144300e+02  -9.4690728e-03
   3.5180700e+02  -9.4627281e-03
   3.5217200e+02  -9.4578384e-03
   3.5253600e+02  -9.4540875e-03
   3.5290100e+02  -9.4508202e-03
   3.5326500e+02  -9.4474906e-03
   3.5362900e+02  -9.4434839e-03
   3.5399400e+02  -9.4383816e-03
   3.5435800e+02  -9.4314901e-03
   3.5472200e+02  -9.4221024e-03
   3.5508600e+02  -9.4096083e-03
   3.5545100e+02  -9.3943116e-03
   3.5581500e+02  -9.3774905e-03
   3.5617900e+02  -9.3602647e-03
   3.5654300e+02  -9.3430799e-03
   3.5690700e+02  -9.3260043e-03
   3.5727100e+02  -9.3088506e-03
   3.5763500e+02  -9.2914794e-03
   3.5799900e+02  -9.2743111e-03
   3.5836200e+02  -9.2574910e-03
   3.5872600e+02  -9.2407984e-03
   3.5909000e+02  -9.2239936e-03
   3.5945400e+02  -9.2069341e-03
   3.5981800e+02  -9.1895718e-03
   3.6018100e+02  -9.1722740e-03
   3.6054500e+02  -9.1557697e-03
   3.6090800e+02  -9.1404206e-03
   3.6127200e+02  -9.1260171e-03
   3.6163600e+02  -9.1126422e-03
   3.6199900e+02  -9.1003424e-03
   3.6236200e+02  -9.0890694e-03
   3.6272600e+02  -9.0785535e-03
   3.6308900e+02  -9.0684826e-03
   3.6345300e+02  -9.0592095e-03
   3.6381600e+02  -9.0516576e-03
   3.6417900e+02  -9.0462799e-03
   3.6454200e+02  -9.0432882e-03
   3.6490600e+02  -9.0428495e-03
   3.6526900e+02  -9.0445186e-03
   3.6563200e+02  -9.0478031e-03
   3.6599500e+02  -9.0522304e-03
   3.6635800e+02  -9.0569258e-03
   3.6672100e+02  -9.0612363e-03
   3.6708400e+02  -9.0646652e-03
   3.6744700e+02  -9.0668300e-03
   3.6781000e+02  -9.0679562e-03
   3.6817200e+02  -9.0685873e-03
   3.6853500e+02  -9.0691458e-03
   3.6889800e+02  -9.0693796e-03
   3.6926100e+02  -9.0690805e-03
   3.6962300e+02  -9.0676088e-03
   3.6998600e+02  -9.0646956e-03
   3.7034900e+02  -9.0608770e-03
   3.7071100e+02  -9.0567637e-03
   3.7107400e+02  -9.0522927e-03
   3.7143600e+02  -9.0474955e-03
   3.7179900e+02  -9.0425216e-03
   3.7216100e+02  -9.0376542e-03
   3.7252400e+02  -9.0334777e-03
   3.7288600e+02  -9.0301293e-03
   3.7324800e+02  -9.0271690e-03
   3.7361100e+02  -9.0239683e-03
   3.7397300e+02  -9.0202234e-03
   3.7433500e+02  -9.0157252e-03
   3.7469700e+02  -9.0103487e-03
   3.7505900e+02  -9.0040296e-03
   3.7542100e+02  -8.9969869e-03
   3.7578300e+02  -8.9897502e-03
   3.7614500e+02  -8.9832682e-03
   3.7650700e+02  -8.9783268e-03
   3.7686900e+02  -8.9755489e-03
   3.7723100e+02  -8.9750794e-03
   3.7759300e+02  -8.9766553e-03
   3.7795500e+02  -8.9799926e-03
   3.7831700e+02  -8.9852165e-03
   3.7867800e+02  -8.9925394e-03
   3.7904000e+02  -9.0019192e-03
   3.7940200e+02  -9.0133018e-03
   3.7976300e+02  -9.0262573e-03
   3.8012500e+02  -9.0401577e-03
   3.8048600e+02  -9.0548750e-03
   3.8084800e+02  -9.0703081e-03
   3.8120900e+02  -9.0860536e-03
   3.8157100e+02  -9.1013009e-03
   3.8193200e+02  -9.1151992e-03
   3.8229400e+02  -9.1273980e-03
   3.8265500e+02  -9.1383904e-03
   3.8301600e+02  -9.1489664e-03
   3.8337700e+02  -9.1595865e-03
   3.8373900e+02  -9.1706196e-03
   3.8410000e+02  -9.1821946e-03
   3.8446100e+02  -9.1945102e-03
   3.8482200e+02  -9.2077883e-03
   3.8518300e+02  -9.2222603e-03
   3.8554400e+02  -9.2373946e-03
   3.8590500e+02  -9.2519779e-03
   3.8626600e+02  -9.2648510e-03
   3.8662700e+02  -9.2752781e-03
   3.8698800e+02  -9.2832876e-03
   3.8734900e+02  -9.2892954e-03
   3.8770900e+02  -9.2937749e-03
   3.8807000e+02  -9.2968445e-03
   3.8843100e+02  -9.2986298e-03
   3.8879100e+02  -9.2995532e-03
   3.8915200e+02  -9.3003959e-03
   3.8951300e+02  -9.3021901e-03
   3.8987300e+02  -9.3054783e-03
   3.9023400e+02  -9.3104594e-03
   3.9059400e+02  -9.3171870e-03
   3.9095500e+02  -9.3257569e-03
   3.9131500e+02  -9.3362663e-03
   3.9167500e+02  -9.3487460e-03
   3.9203600e+02  -9.3630945e-03
   3.9239600e+02  -9.3787305e-03
   3.9275600e+02  -9.3947009e-03
   3.9311600e+02  -9.4100784e-03
   3.9347700e+02  -9.4239006e-03
   3.9383700e+02  -9.4359568e-03
   3.9419700e+02  -9.4467335e-03
   3.9455700e+02  -9.4566982e-03
   3.9491700e+02  -9.4660858e-03
   3.9527700e+02  -9.4749423e-03
   3.9563700e+02  -9.4834750e-03
   3.9599700e+02  -9.4923617e-03
   3.9635600e+02  -9.5027970e-03
   3.9671600e+02  -9.5156007e-03
   3.9707600e+02  -9.5307651e-03
   3.9743600e+02  -9.5473201e-03
   3.9779500e+02  -9.5637675e-03
   3.9815500e+02  -9.5790624e-03
   3.9851500e+02  -9.5927652e-03
   3.9887400e+02  -9.6046398e-03
   3.9923400e+02  -9.6142162e-03
   3.9959300e+02  -9.6210149e-03
   3.9995300e+02  -9.6251174e-03
   4.0031200e+02  -9.6268448e-03
   4.0067200e+02  -9.6267579e-03
   4.0103100e+02  -9.6253914e-03
   4.0139000e+02  -9.6232751e-03
   4.0175000e+02  -9.6210271e-03
   4.0210900e+02  -9.6194741e-03
   4.0246800e+02  -9.6190788e-03
   4.0282700e+02  -9.6201902e-03
   4.0318600e+02  -9.6229105e-03
   4.0354500e+02  -9.6270427e-03
   4.0390400e+02  -9.6325824e-03
   4.0426300e+02  -9.6396193e-03
   4.0462200e+02  -9.6484116e-03
   4.0498100e+02  -9.6590362e-03
   4.0534000e+02  -9.6708881e-03
   4.0569900e+02  -9.6830319e-03
   4.0605800e+02  -9.6945167e-03
   4.0641700e+02  -9.7049705e-03
   4.0677500e+02  -9.7146565e-03
   4.0713400e+02  -9.7240137e-03
   4.0749300e+02  -9.7333360e-03
   4.0785100e+02  -9.7424016e-03
   4.0821000e+02  -9.7508106e-03
   4.0856800e+02  -9.7584506e-03
   4.0892700e+02  -9.7657332e-03
   4.0928500e+02  -9.7732640e-03
   4.0964400e+02  -9.7813913e-03
   4.1000200e+02  -9.7898662e-03
   4.1036000e+02  -9.7976719e-03
   4.1071900e+02  -9.8038533e-03
   4.1107700e+02  -9.8083856e-03
   4.1143500e+02  -9.8116714e-03
   4.1179300e+02  -9.8143456e-03
   4.1215100e+02  -9.8166382e-03
   4.1250900e+02  -9.8180995e-03
   4.1286800e+02  -9.8178539e-03
   4.1322600e+02  -9.8151771e-03
   4.1358400e+02  -9.8101728e-03
   4.1394100e+02  -9.8036420e-03
   4.1429900e+02  -9.7969762e-03
   4.1465700e+02  -9.7914351e-03
   4.1501500e+02  -9.7875862e-03
   4.1537300e+02  -9.7852411e-03
   4.1573100e+02  -9.7841112e-03
   4.1608800e+02  -9.7842290e-03
   4.1644600e+02  -9.7861807e-03
   4.1680400e+02  -9.7907351e-03
   4.1716100e+02  -9.7987212e-03
   4.1751900e+02  -9.8101732e-03
   4.1787600e+02  -9.8242090e-03
   4.1823400e+02  -9.8392323e-03
   4.1859100e+02  -9.8537569e-03
   4.1894800e+02  -9.8670428e-03
   4.1930600e+02  -9.8795039e-03
   4.1966300e+02  -9.8921155e-03
   4.2002000e+02  -9.9057645e-03
   4.2037800e+02  -9.9202433e-03
   4.2073500e+02  -9.9344194e-03
   4.2109200e+02  -9.9470697e-03
   4.2144900e+02  -9.9571996e-03
   4.2180600e+02  -9.9645989e-03
   4.2216300e+02  -9.9700180e-03
   4.2252000e+02  -9.9745099e-03
   4.2287700e+02  -9.9784001e-03
   4.2323400e+02  -9.9811686e-03
   4.2359100e+02  -9.9820146e-03
   4.2394800e+02  -9.9808225e-03
   4.2430400e+02  -9.9782098e-03
   4.2466100e+02  -9.9750270e-03
   4.2501800e+02  -9.9720945e-03
   4.2537500e+02  -9.9699695e-03
   4.2573100e+02  -9.9681978e-03
   4.2608800e+02  -9.9659760e-03
   4.2644400e+02  -9.9633199e-03
   4.2680100e+02  -9.9612002e-03
   4.2715700e+02  -9.9609654e-03
   4.2751400e+02  -9.9633758e-03
   4.2787000e+02  -9.9682861e-03
   4.2822700e+02  -9.9746124e-03
   4.2858300e+02  -9.9813280e-03
   4.2893900e+02  -9.9881212e-03
   4.2929500e+02  -9.9953421e-03
   4.2965200e+02  -1.0003729e-02
   4.3000800e+02  -1.0014106e-02
   4.3036400e+02  -1.0026820e-02
   4.3072000e+02  -1.0041533e-02
   4.3107600e+02  -1.0057609e-02
   4.3143200e+02  -1.0074962e-02
   4.3178800e+02  -1.0094025e-02
   4.3214400e+02  -1.0115170e-02
   4.3250000e+02  -1.0138285e-02
   4.3285600e+02  -1.0162691e-02
   4.3321100e+02  -1.0187302e-02
   4.3356700e+02  -1.0211263e-02
   4.3392300e+02  -1.0234139e-02
   4.3427900e+02  -1.0256169e-02
   4.3463400e+02  -1.0277941e-02
   4.3499000e+02  -1.0299673e-02
   4.3534500e+02  -1.0321143e-02
   4.3570100e+02  -1.0341615e-02
   4.3605600e+02  -1.0360246e-02
   4.3641200e+02  -1.0376972e-02
   4.3676700e+02  -1.0392515e-02
   4.3712300e+02  -1.0407701e-02
   4.3747800e+02  -1.0422755e-02
   4.3783300e+02  -1.0437016e-02
   4.3818800e+02  -1.0449420e-02
   4.3854400e+02  -1.0459123e-02
   4.3889900e+02  -1.0465821e-02
   4.3925400e+02  -1.0470114e-02
   4.3960900e+02  -1.0473060e-02
   4.3996400e+02  -1.0475434e-02
   4.4031900e+02  -1.0477163e-02
   4.4067400e+02  -1.0477204e-02
   4.4102900e+02  -1.0474265e-02
   4.4138400e+02  -1.0467944e-02
   4.4173900e+02  -1.0458822e-02
   4.4209300e+02  -1.0448497e-02
   4.4244800e+02  -1.0438873e-02
   4.4280300e+02  -1.0431550e-02
   4.4315800e+02  -1.0427172e-02
   4.4351200e+02  -1.0424972e-02
   4.4386700e+02  -1.0423480e-02
   4.4422100e+02  -1.0421464e-02
   4.4457600e+02  -1.0418515e-02
   4.4493000e+02  -1.0415212e-02
   4.4528500e+02  -1.0412743e-02
   4.4563900e+02  -1.0412116e-02
   4.4599400e+02  -1.0413764e-02
   4.4634800e+02  -1.0417161e-02
   4.4670200e+02  -1.0421111e-02
   4.4705600e+02  -1.0424453e-02
   4.4741100e+02  -1.0426369e-02
   4.4776500e+02  -1.0427132e-02
   4.4811900e+02  -1.0427950e-02
   4.4847300e+02  -1.0430116e-02
   4.4882700e+02  -1.0434637e-02
   4.4918100e+02  -1.0441688e-02
   4.4953500e+02  -1.0450176e-02
   4.4988900e+02  -1.0458366e-02
   4.5024300e+02  -1.0464944e-02
   4.5059600e+02  -1.0469457e-02
   4.5095000e+02  -1.0472567e-02
   4.5130400e+02  -1.0475618e-02
   4.5165800e+02  -1.0479679e-02
   4.5201100e+02  -1.0485149e-02
   4.5236500e+02  -1.0491131e-02
   4.5271900e+02  -1.0495753e-02
   4.5307200e+02  -1.0497204e-02
   4.5342600e+02  -1.0494659e-02
   4.5377900e+02  -1.0488435e-02
   4.5413300e+02  -1.0479845e-02
   4.5448600e+02  -1.0471075e-02
   4.5483900e+02  -1.0463923e-02
   4.5519300e+02  -1.0458795e-02
   4.5554600e+02  -1.0454968e-02
   4.5589900e+02  -1.0451050e-02
   4.5625200e+02  -1.0446070e-02
   4.5660500e+02  -1.0440264e-02
   4.5695800e+02  -1.0435268e-02
   4.5731200e+02  -1.0433805e-02
   4.5766500e+02  -1.0438089e-02
   4.5801800e+02  -1.0448911e-02
   4.5837000e+02  -1.0465190e-02
   4.5872300e+02  -1.0484134e-02
   4.5907600e+02  -1.0502339e-02
   4.5942900e+02  -1.0517419e-02
   4.5978200e+02  -1.0528601e-02
   4.6013500e+02  -1.0536871e-02
   4.6048700e+02  -1.0544297e-02
   4.6084000e+02  -1.0552886e-02
   4.6119300e+02  -1.0563378e-02
   4.6154500e+02  -1.0574507e-02
   4.6189800e+02  -1.0583851e-02
   4.6225000e+02  -1.0589773e-02
   4.6260300e+02  -1.0592239e-02
   4.6295500e+02  -1.0593048e-02
   4.6330700e+02  -1.0594914e-02
   4.6366000e+02  -1.0600051e-02
   4.6401200e+02  -1.0608908e-02
   4.6436400e+02  -1.0620183e-02
   4.6471600e+02  -1.0631065e-02
   4.6506900e+02  -1.0638459e-02
   4.6542100e+02  -1.0640842e-02
   4.6577300e+02  -1.0638645e-02
   4.6612500e+02  -1.0634170e-02
   4.6647700e+02  -1.0630223e-02
   4.6682900e+02  -1.0628568e-02
   4.6718100e+02  -1.0629506e-02
   4.6753300e+02  -1.0632183e-02
   4.6788400e+02  -1.0635029e-02
   4.6823600e+02  -1.0636730e-02
   4.6858800e+02  -1.0637289e-02
   4.6894000e+02  -1.0638143e-02
   4.6929100e+02  -1.0641643e-02
   4.6964300e+02  -1.0649587e-02
   4.6999500e+02  -1.0662564e-02
   4.7034600e+02  -1.0680173e-02
   4.7069800e+02  -1.0700938e-02
   4.7104900e+02  -1.0722940e-02
   4.7140000e+02  -1.0744882e-02
   4.7175200e+02  -1.0766152e-02
   4.7210300e+02  -1.0787075e-02
   4.7245500e+02  -1.0808570e-02
   4.7280600e+02  -1.0831445e-02
   4.7315700e+02  -1.0855596e-02
   4.7350800e+02  -1.0879934e-02
   4.7385900e+02  -1.0902718e-02
   4.7421000e+02  -1.0922080e-02
   4.7456100e+02  -1.0936863e-02
   4.7491200e+02  -1.0947363e-02
   4.7526300e+02  -1.0955235e-02
   4.7561400e+02  -1.0962141e-02
   4.7596500e+02  -1.0968728e-02
   4.7631600e+02  -1.0974564e-02
   4.7666700e+02  -1.0978808e-02
   4.7701800e+02  -1.0980847e-02
   4.7736800e+02  -1.0980383e-02
   4.7771900e+02  -1.0977834e-02
   4.7807000e+02  -1.0974511e-02
   4.7842000e+02  -1.0972345e-02
   4.7877100e+02  -1.0972873e-02
   4.7912100e+02  -1.0975746e-02
   4.7947200e+02  -1.0977692e-02
   4.7982200e+02  -1.0971753e-02
   4.8017300e+02  -1.0953269e-02
   4.8052300e+02  -1.0920604e-02
   4.8087300e+02  -1.0874580e-02
   4.8122400e+02  -1.0818110e-02
   4.8157400e+02  -1.0755360e-02
   4.8192400e+02  -1.0690370e-02
   4.8227400e+02  -1.0626046e-02
   4.8262400e+02  -1.0564136e-02
   4.8297400e+02  -1.0505437e-02
   4.8332400e+02  -1.0450640e-02
   4.8367400e+02  -1.0400106e-02
   4.8402400e+02  -1.0354453e-02
   4.8437400e+02  -1.0315014e-02
   4.8472400e+02  -1.0283065e-02
   4.8507400e+02  -1.0259929e-02
   4.8542400e+02  -1.0245942e-02
   4.8577300e+02  -1.0239686e-02
   4.8612300e+02  -1.0238521e-02
   4.8647300e+02  -1.0239694e-02
   4.8682200e+02  -1.0241744e-02
   4.8717200e+02  -1.0244196e-02
   4.8752100e+02  -1.0247670e-02
   4.8787100e+02  -1.0254065e-02
   4.8822000e+02  -1.0266006e-02
   4.8857000e+02  -1.0285571e-02
   4.8891900e+02  -1.0314080e-02
   4.8926800e+02  -1.0352292e-02
   4.8961800e+02  -1.0399757e-02
   4.8996700e+02  -1.0454914e-02
   4.9031600e+02  -1.0514782e-02
   4.9066500e+02  -1.0575977e-02
   4.9101400e+02  -1.0635710e-02
   4.9136300e+02  -1.0691836e-02
   4.9171200e+02  -1.0742887e-02
   4.9206100e+02  -1.0787660e-02
   4.9241000e+02  -1.0825384e-02
   4.9275900e+02  -1.0856142e-02
   4.9310800e+02  -1.0881501e-02
   4.9345700e+02  -1.0903656e-02
   4.9380600e+02  -1.0921453e-02
   4.9415400e+02  -1.0933759e-02
   4.9450300e+02  -1.0940944e-02
   4.9485200e+02  -1.0944554e-02
   4.9520000e+02  -1.0947328e-02
   4.9554900e+02  -1.0952379e-02
   4.9589800e+02  -1.0962492e-02
   4.9624600e+02  -1.0979062e-02
   4.9659400e+02  -1.1002036e-02
   4.9694300e+02  -1.1029952e-02
   4.9729100e+02  -1.1060325e-02
   4.9764000e+02  -1.1090308e-02
   4.9798800e+02  -1.1117397e-02
   4.9833600e+02  -1.1140226e-02
   4.9868400e+02  -1.1158907e-02
   4.9903200e+02  -1.1175382e-02
   4.9938000e+02  -1.1192394e-02
   4.9972800e+02  -1.1212409e-02
   5.0007700e+02  -1.1236751e-02
   5.0042400e+02  -1.1265339e-02
   5.0077200e+02  -1.1296765e-02
   5.0112000e+02  -1.1328516e-02
   5.0146800e+02  -1.1357751e-02
   5.0181600e+02  -1.1382335e-02
   5.0216400e+02  -1.1401816e-02
   5.0251100e+02  -1.1417164e-02
   5.0285900e+02  -1.1430690e-02
   5.0320700e+02  -1.1445597e-02
   5.0355400e+02  -1.1464774e-02
   5.0390200e+02  -1.1489293e-02
   5.0424900e+02  -1.1517979e-02
   5.0459700e+02  -1.1547632e-02
   5.0494400e+02  -1.1574091e-02
   5.0529200e+02  -1.1593539e-02
   5.0563900e+02  -1.1604135e-02
   5.0598600e+02  -1.1606422e-02
   5.0633400e+02  -1.1603242e-02
   5.0668100e+02  -1.1599104e-02
   5.0702800e+02  -1.1598888e-02
   5.0737500e+02  -1.1606440e-02
   5.0772200e+02  -1.1622773e-02
   5.0806900e+02  -1.1645554e-02
   5.0841600e+02  -1.1670134e-02
   5.0876300e+02  -1.1691344e-02
   5.0911000e+02  -1.1705868e-02
   5.0945700e+02  -1.1712714e-02
   5.0980400e+02  -1.1713095e-02
   5.1015100e+02  -1.1709499e-02
   5.1049800e+02  -1.1705333e-02
   5.1084400e+02  -1.1704016e-02
   5.1119100e+02  -1.1707624e-02
   5.1153800e+02  -1.1715921e-02
   5.1188400e+02  -1.1726344e-02
   5.1223100e+02  -1.1734787e-02
   5.1257700e+02  -1.1737022e-02
   5.1292400e+02  -1.1730404e-02
   5.1327000e+02  -1.1714650e-02
   5.1361600e+02  -1.1691793e-02
   5.1396300e+02  -1.1665371e-02
   5.1430900e+02  -1.1639039e-02
   5.1465500e+02  -1.1615495e-02
   5.1500100e+02  -1.1595844e-02
   5.1534800e+02  -1.1580089e-02
   5.1569400e+02  -1.1566999e-02
   5.1604000e+02  -1.1554353e-02
   5.1638600e+02  -1.1539398e-02
   5.1673200e+02  -1.1519903e-02
   5.1707800e+02  -1.1495441e-02
   5.1742400e+02  -1.1467699e-02
   5.1777000e+02  -1.1438780e-02
   5.1811500e+02  -1.1410567e-02
   5.1846100e+02  -1.1384440e-02
   5.1880700e+02  -1.1361180e-02
   5.1915300e+02  -1.1340828e-02
   5.1949800e+02  -1.1322683e-02
   5.1984400e+02  -1.1305282e-02
   5.2018900e+02  -1.1286683e-02
   5.2053500e+02  -1.1265512e-02
   5.2088000e+02  -1.1241459e-02
   5.2122600e+02  -1.1215929e-02
   5.2157100e+02  -1.1191842e-02
   5.2191700e+02  -1.1172146e-02
   5.2226200e+02  -1.1158806e-02
   5.2260700e+02  -1.1152218e-02
   5.2295200e+02  -1.1151542e-02
   5.2329800e+02  -1.1155257e-02
   5.2364300e+02  -1.1161802e-02
   5.2398800e+02  -1.1169258e-02
   5.2433300e+02  -1.1176095e-02
   5.2467800e+02  -1.1181743e-02
   5.2502300e+02  -1.1186700e-02
   5.2536800e+02  -1.1192130e-02
   5.2571300e+02  -1.1198760e-02
   5.2605800e+02  -1.1206529e-02
   5.2640200e+02  -1.1214556e-02
   5.2674700e+02  -1.1221872e-02
   5.2709200e+02  -1.1227680e-02
   5.2743600e+02  -1.1231792e-02
   5.2778100e+02  -1.1234820e-02
   5.2812600e+02  -1.1238258e-02
   5.2847000e+02  -1.1243970e-02
   5.2881500e+02  -1.1253033e-02
   5.2915900e+02  -1.1265733e-02
   5.2950400e+02  -1.1281614e-02
   5.2984800e+02  -1.1299262e-02
   5.3019200e+02  -1.1316606e-02
   5.3053700e+02  -1.1331346e-02
   5.3088100e+02  -1.1341884e-02
   5.3122500e+02  -1.1348142e-02
   5.3156900e+02  -1.1351360e-02
   5.3191300e+02  -1.1353832e-02
   5.3225700e+02  -1.1357707e-02
   5.3260100e+02  -1.1364909e-02
   5.3294500e+02  -1.1376940e-02
   5.3328900e+02  -1.1394188e-02
   5.3363300e+02  -1.1415798e-02
   5.3397700e+02  -1.1439823e-02
   5.3432100e+02  -1.1464087e-02
   5.3466500e+02  -1.1486734e-02
   5.3500800e+02  -1.1506095e-02
   5.3535200e+02  -1.1521659e-02
   5.3569600e+02  -1.1534078e-02
   5.3603900e+02  -1.1545025e-02
   5.3638300e+02  -1.1556742e-02
   5.3672600e+02  -1.1571415e-02
   5.3707000e+02  -1.1590456e-02
   5.3741300e+02  -1.1613845e-02
   5.3775700e+02  -1.1640483e-02
   5.3810000e+02  -1.1668116e-02
   5.3844300e+02  -1.1693887e-02
   5.3878600e+02  -1.1715317e-02
   5.3913000e+02  -1.1731083e-02
   5.3947300e+02  -1.1741112e-02
   5.3981600e+02  -1.1746509e-02
   5.4015900e+02  -1.1749260e-02
   5.4050200e+02  -1.1752103e-02
   5.4084500e+02  -1.1757791e-02
   5.4118800e+02  -1.1768118e-02
   5.4153100e+02  -1.1782657e-02
   5.4187400e+02  -1.1799453e-02
   5.4221700e+02  -1.1815515e-02
   5.4255900e+02  -1.1827706e-02
   5.4290200e+02  -1.1833520e-02
   5.4324500e+02  -1.1832149e-02
   5.4358700e+02  -1.1824054e-02
   5.4393000e+02  -1.1811016e-02
   5.4427200e+02  -1.1795812e-02
   5.4461500e+02  -1.1781151e-02
   5.4495700e+02  -1.1769068e-02
   5.4530000e+02  -1.1761033e-02
   5.4564200e+02  -1.1757895e-02
   5.4598500e+02  -1.1759211e-02
   5.4632700e+02  -1.1763853e-02
   5.4666900e+02  -1.1770221e-02
   5.4701100e+02  -1.1776246e-02
   5.4735400e+02  -1.1780141e-02
   5.4769600e+02  -1.1780321e-02
   5.4803800e+02  -1.1775704e-02
   5.4838000e+02  -1.1766376e-02
   5.4872200e+02  -1.1753233e-02
   5.4906400e+02  -1.1737786e-02
   5.4940600e+02  -1.1721831e-02
   5.4974700e+02  -1.1707057e-02
   5.5008900e+02  -1.1695029e-02
   5.5043100e+02  -1.1687134e-02
   5.5077300e+02  -1.1684182e-02
   5.5111400e+02  -1.1686058e-02
   5.5145600e+02  -1.1692264e-02
   5.5179800e+02  -1.1701991e-02
   5.5213900e+02  -1.1713869e-02
   5.5248100e+02  -1.1726316e-02
   5.5282200e+02  -1.1738369e-02
   5.5316400e+02  -1.1749355e-02
   5.5350500e+02  -1.1758584e-02
   5.5384600e+02  -1.1765543e-02
   5.5418800e+02  -1.1770086e-02
   5.5452900e+02  -1.1772849e-02
   5.5487000e+02  -1.1775323e-02
   5.5521100e+02  -1.1779162e-02
   5.5555200e+02  -1.1785872e-02
   5.5589300e+02  -1.1796360e-02
   5.5623500e+02  -1.1810606e-02
   5.5657600e+02  -1.1828110e-02
   5.5691600e+02  -1.1847962e-02
   5.5725700e+02  -1.1868939e-02
   5.5759800e+02  -1.1890211e-02
   5.5793900e+02  -1.1911341e-02
   5.5828000e+02  -1.1932097e-02
   5.5862100e+02  -1.1952584e-02
   5.5896100e+02  -1.1973356e-02
   5.5930200e+02  -1.1995572e-02
   5.5964200e+02  -1.2020256e-02
   5.5998300e+02  -1.2048285e-02
   5.6032300e+02  -1.2079786e-02
   5.6066400e+02  -1.2114141e-02
   5.6100400e+02  -1.2149816e-02
   5.6134500e+02  -1.2184626e-02
   5.6168500e+02  -1.2216075e-02
   5.6202500e+02  -1.2242079e-02
   5.6236600e+02  -1.2261591e-02
   5.6270600e+02  -1.2274765e-02
   5.6304600e+02  -1.2282907e-02
   5.6338600e+02  -1.2288027e-02
   5.6372600e+02  -1.2292637e-02
   5.6406600e+02  -1.2299852e-02
   5.6440600e+02  -1.2312401e-02
   5.6474600e+02  -1.2331816e-02
   5.6508600e+02  -1.2357549e-02
   5.6542600e+02  -1.2387155e-02
   5.6576600e+02  -1.2416863e-02
   5.6610500e+02  -1.2442073e-02
   5.6644500e+02  -1.2458562e-02
   5.6678500e+02  -1.2463053e-02
   5.6712400e+02  -1.2453771e-02
   5.6746400e+02  -1.2430844e-02
   5.6780300e+02  -1.2396529e-02
   5.6814300e+02  -1.2355174e-02
   5.6848200e+02  -1.2312333e-02
   5.6882200e+02  -1.2274122e-02
   5.6916100e+02  -1.2245788e-02
   5.6950000e+02  -1.2230889e-02
   5.6984000e+02  -1.2230099e-02
   5.7017900e+02  -1.2241430e-02
   5.7051800e+02  -1.2260772e-02
   5.7085700e+02  -1.2282847e-02
   5.7119600e+02  -1.2302257e-02
   5.7153500e+02  -1.2314640e-02
   5.7187400e+02  -1.2317193e-02
   5.7221300e+02  -1.2309385e-02
   5.7255200e+02  -1.2292982e-02
   5.7289100e+02  -1.2271475e-02
   5.7323000e+02  -1.2249329e-02
   5.7356900e+02  -1.2231321e-02
   5.7390800e+02  -1.2221513e-02
   5.7424600e+02  -1.2223093e-02
   5.7458500e+02  -1.2237218e-02
   5.7492300e+02  -1.2262983e-02
   5.7526200e+02  -1.2297303e-02
   5.7560100e+02  -1.2335300e-02
   5.7593900e+02  -1.2371790e-02
   5.7627700e+02  -1.2402138e-02
   5.7661600e+02  -1.2423295e-02
   5.7695400e+02  -1.2434344e-02
   5.7729200e+02  -1.2436286e-02
   5.7763100e+02  -1.2431770e-02
   5.7796900e+02  -1.2424702e-02
   5.7830700e+02  -1.2419544e-02
   5.7864500e+02  -1.2420215e-02
   5.7898300e+02  -1.2429465e-02
   5.7932100e+02  -1.2448303e-02
   5.7965900e+02  -1.2476073e-02
   5.7999700e+02  -1.2511064e-02
   5.8033500e+02  -1.2550906e-02
   5.8067300e+02  -1.2592938e-02
   5.8101100e+02  -1.2634339e-02
   5.8134900e+02  -1.2672564e-02
   5.8168600e+02  -1.2705900e-02
   5.8202400e+02  -1.2733799e-02
   5.8236200e+02  -1.2756895e-02
   5.8269900e+02  -1.2776787e-02
   5.8303700e+02  -1.2796184e-02
   5.8337400e+02  -1.2817933e-02
   5.8371200e+02  -1.2844127e-02
   5.8404900e+02  -1.2876052e-02
   5.8438600e+02  -1.2914456e-02
   5.8472400e+02  -1.2959568e-02
   5.8506100e+02  -1.3010930e-02
   5.8539800e+02  -1.3067480e-02
   5.8573500e+02  -1.3127611e-02
   5.8607300e+02  -1.3189122e-02
   5.8641000e+02  -1.3249429e-02
   5.8674700e+02  -1.3305995e-02
   5.8708400e+02  -1.3356430e-02
   5.8742100e+02  -1.3398833e-02
   5.8775800e+02  -1.3432124e-02
   5.8809400e+02  -1.3456482e-02
   5.8843100e+02  -1.3473481e-02
   5.8876800e+02  -1.3485522e-02
   5.8910500e+02  -1.3494935e-02
   5.8944100e+02  -1.3504124e-02
   5.8977800e+02  -1.3515351e-02
   5.9011500e+02  -1.3530562e-02
   5.9045100e+02  -1.3550971e-02
   5.9078800e+02  -1.3577278e-02
   5.9112400e+02  -1.3609558e-02
   5.9146100e+02  -1.3647058e-02
   5.9179700e+02  -1.3688084e-02
   5.9213300e+02  -1.3730403e-02
   5.9247000e+02  -1.3771960e-02
   5.9280600e+02  -1.3810828e-02
   5.9314200e+02  -1.3845098e-02
   5.9347800e+02  -1.3873651e-02
   5.9381400e+02  -1.3897042e-02
   5.9415000e+02  -1.3917632e-02
   5.9448600e+02  -1.3939509e-02
   5.9482200e+02  -1.3967628e-02
   5.9515800e+02  -1.4006705e-02
   5.9549400e+02  -1.4060491e-02
   5.9583000e+02  -1.4131041e-02
   5.9616600e+02  -1.4218189e-02
   5.9650200e+02  -1.4319802e-02
   5.9683700e+02  -1.4431705e-02
   5.9717300e+02  -1.4547705e-02
   5.9750800e+02  -1.4660145e-02
   5.9784400e+02  -1.4761041e-02
   5.9818000e+02  -1.4843572e-02
   5.9851500e+02  -1.4902814e-02
   5.9885000e+02  -1.4936481e-02
   5.9918600e+02  -1.4945257e-02
   5.9952100e+02  -1.4932461e-02
   5.9985600e+02  -1.4903589e-02
   6.0019200e+02  -1.4864824e-02
   6.0052700e+02  -1.4821729e-02
   6.0086200e+02  -1.4778322e-02
   6.0119700e+02  -1.4735886e-02
   6.0153200e+02  -1.4693116e-02
   6.0186700e+02  -1.4646700e-02
   6.0220200e+02  -1.4591330e-02
   6.0253700e+02  -1.4520208e-02
   6.0287200e+02  -1.4426072e-02
   6.0320700e+02  -1.4302448e-02
   6.0354200e+02  -1.4144852e-02
   6.0387600e+02  -1.3951789e-02
   6.0421100e+02  -1.3725052e-02
   6.0454600e+02  -1.3469845e-02
   6.0488000e+02  -1.3194609e-02
   6.0521500e+02  -1.2910026e-02
   6.0555000e+02  -1.2627496e-02
   6.0588400e+02  -1.2357960e-02
   6.0621800e+02  -1.2110366e-02
   6.0655300e+02  -1.1889564e-02
   6.0688700e+02  -1.1695692e-02
   6.0722100e+02  -1.1524667e-02
   6.0755600e+02  -1.1369180e-02
   6.0789000e+02  -1.1219821e-02
   6.0822400e+02  -1.1067102e-02
   6.0855800e+02  -1.0902730e-02
   6.0889200e+02  -1.0721103e-02
   6.0922600e+02  -1.0519954e-02
   6.0956000e+02  -1.0300761e-02
   6.0989400e+02  -1.0068545e-02
   6.1022800e+02  -9.8315668e-03
   6.1056200e+02  -9.6004582e-03
   6.1089600e+02  -9.3865530e-03
   6.1122900e+02  -9.2001158e-03
   6.1156300e+02  -9.0489901e-03
   6.1189700e+02  -8.9371019e-03
   6.1223000e+02  -8.8639593e-03
   6.1256400e+02  -8.8244779e-03
   6.1289800e+02  -8.8100974e-03
   6.1323100e+02  -8.8101729e-03
   6.1356400e+02  -8.8132315e-03
   6.1389800e+02  -8.8087236e-03
   6.1423100e+02  -8.7881990e-03
   6.1456400e+02  -8.7459859e-03
   6.1489800e+02  -8.6807822e-03
   6.1523100e+02  -8.5962408e-03
   6.1556400e+02  -8.4998455e-03
   6.1589700e+02  -8.4017621e-03
   6.1623000e+02  -8.3136299e-03
   6.1656300e+02  -8.2470199e-03
   6.1689600e+02  -8.2110464e-03
   6.1722900e+02  -8.2115938e-03
   6.1756200e+02  -8.2500619e-03
   6.1789500e+02  -8.3226698e-03
   6.1822800e+02  -8.4210162e-03
   6.1856000e+02  -8.5334914e-03
   6.1889300e+02  -8.6466000e-03
   6.1922600e+02  -8.7471254e-03
   6.1955800e+02  -8.8246623e-03
   6.1989100e+02  -8.8721641e-03
   6.2022300e+02  -8.8866297e-03
   6.2055600e+02  -8.8697159e-03
   6.2088800e+02  -8.8281995e-03
   6.2122100e+02  -8.7724643e-03
   6.2155300e+02  -8.7139805e-03
   6.2188500e+02  -8.6641903e-03
   6.2221800e+02  -8.6331948e-03
   6.2255000e+02  -8.6289419e-03
   6.2288200e+02  -8.6561689e-03
   6.2321400e+02  -8.7148205e-03
   6.2354600e+02  -8.8004469e-03
   6.2387800e+02  -8.9048592e-03
   6.2421000e+02  -9.0164747e-03
   6.2454200e+02  -9.1226962e-03
   6.2487400e+02  -9.2122092e-03
   6.2520600e+02  -9.2758196e-03
   6.2553800e+02  -9.3074959e-03
   6.2586900e+02  -9.3055113e-03
   6.2620100e+02  -9.2729303e-03
   6.2653300e+02  -9.2171537e-03
   6.2686400e+02  -9.1488724e-03
   6.2719600e+02  -9.0803992e-03
   6.2752700e+02  -9.0240701e-03
   6.2785900e+02  -8.9899805e-03
   6.2819000e+02  -8.9848360e-03
   6.2852100e+02  -9.0121036e-03
   6.2885300e+02  -9.0716836e-03
   6.2918400e+02  -9.1592682e-03
   6.2951500e+02  -9.2671277e-03
   6.2984600e+02  -9.3844489e-03
   6.3017800e+02  -9.4986691e-03
   6.3050900e+02  -9.5980344e-03
   6.3084000e+02  -9.6731732e-03
   6.3117100e+02  -9.7183252e-03
   6.3150200e+02  -9.7321820e-03
   6.3183300e+02  -9.7184965e-03
   6.3216300e+02  -9.6848067e-03
   6.3249400e+02  -9.6408696e-03
   6.3282500e+02  -9.5979282e-03
   6.3315600e+02  -9.5667641e-03
   6.3348600e+02  -9.5558992e-03
   6.3381700e+02  -9.5707577e-03
   6.3414800e+02  -9.6136417e-03
   6.3447800e+02  -9.6845738e-03
   6.3480900e+02  -9.7809287e-03
   6.3513900e+02  -9.8971595e-03
   6.3547000e+02  -1.0024312e-02
   6.3580000e+02  -1.0151511e-02
   6.3613000e+02  -1.0268149e-02
   6.3646000e+02  -1.0365324e-02
   6.3679100e+02  -1.0436631e-02
   6.3712100e+02  -1.0479426e-02
   6.3745100e+02  -1.0493526e-02
   6.3778100e+02  -1.0482303e-02
   6.3811100e+02  -1.0452825e-02
   6.3844100e+02  -1.0414908e-02
   6.3877100e+02  -1.0379026e-02
   6.3910100e+02  -1.0355114e-02
   6.3943100e+02  -1.0350546e-02
   6.3976000e+02  -1.0370196e-02
   6.4009000e+02  -1.0416369e-02
   6.4042000e+02  -1.0489614e-02
   6.4075000e+02  -1.0586856e-02
   6.4107900e+02  -1.0702213e-02
   6.4140900e+02  -1.0827742e-02
   6.4173800e+02  -1.0954054e-02
   6.4206800e+02  -1.1072042e-02
   6.4239700e+02  -1.1173385e-02
   6.4272600e+02  -1.1252537e-02
   6.4305600e+02  -1.1306671e-02
   6.4338500e+02  -1.1335844e-02
   6.4371400e+02  -1.1343929e-02
   6.4404400e+02  -1.1337719e-02
   6.4437300e+02  -1.1324736e-02
   6.4470200e+02  -1.1312610e-02
   6.4503100e+02  -1.1308126e-02
   6.4536000e+02  -1.1317195e-02
   6.4568900e+02  -1.1343846e-02
   6.4601800e+02  -1.1389988e-02
   6.4634700e+02  -1.1455754e-02
   6.4667500e+02  -1.1539541e-02
   6.4700400e+02  -1.1638363e-02
   6.4733300e+02  -1.1746384e-02
   6.4766100e+02  -1.1856273e-02
   6.4799000e+02  -1.1960618e-02
   6.4831900e+02  -1.2054432e-02
   6.4864700e+02  -1.2135181e-02
   6.4897600e+02  -1.2202752e-02
   6.4930400e+02  -1.2257723e-02
   6.4963300e+02  -1.2296439e-02
   6.4996100e+02  -1.2312461e-02
   6.5028900e+02  -1.2299427e-02
   6.5061700e+02  -1.2251426e-02
   6.5094600e+02  -1.2164090e-02
   6.5127400e+02  -1.2034621e-02
   6.5160200e+02  -1.1862246e-02
   6.5193000e+02  -1.1652779e-02
   6.5225800e+02  -1.1429025e-02
   6.5258600e+02  -1.1211932e-02
   6.5291400e+02  -1.1016280e-02
   6.5324200e+02  -1.0851440e-02
   6.5357000e+02  -1.0724060e-02
   6.5389700e+02  -1.0638330e-02
   6.5422500e+02  -1.0596300e-02
   6.5455300e+02  -1.0598898e-02
   6.5488000e+02  -1.0644467e-02
   6.5520800e+02  -1.0728492e-02
   6.5553600e+02  -1.0844264e-02
   6.5586300e+02  -1.0984508e-02
   6.5619100e+02  -1.1143046e-02
   6.5651800e+02  -1.1314774e-02
   6.5684500e+02  -1.1496116e-02
   6.5717300e+02  -1.1685554e-02
   6.5750000e+02  -1.1883791e-02
   6.5782700e+02  -1.2093693e-02
   6.5815400e+02  -1.2320651e-02
   6.5848100e+02  -1.2571637e-02
   6.5880800e+02  -1.2849313e-02
   6.5913600e+02  -1.3153135e-02
   6.5946200e+02  -1.3480055e-02
   6.5978900e+02  -1.3824590e-02
   6.6011600e+02  -1.4179577e-02
   6.6044300e+02  -1.4533588e-02
   6.6077000e+02  -1.4871877e-02
   6.6109700e+02  -1.5175593e-02
   6.6142300e+02  -1.5425360e-02
   6.6175000e+02  -1.5604202e-02
   6.6207700e+02  -1.5701135e-02
   6.6240300e+02  -1.5716448e-02
   6.6273000e+02  -1.5656344e-02
   6.6305600e+02  -1.5531060e-02
   6.6338300e+02  -1.5355805e-02
   6.6370900e+02  -1.5148433e-02
   6.6403500e+02  -1.4926987e-02
   6.6436200e+02  -1.4706250e-02
   6.6468800e+02  -1.4492338e-02
   6.6501400e+02  -1.4280926e-02
   6.6534000e+02  -1.4075143e-02
   6.6566600e+02  -1.3880122e-02
   6.6599200e+02  -1.3699153e-02
   6.6631800e+02  -1.3533535e-02
   6.6664400e+02  -1.3382555e-02
   6.6697000e+02  -1.3245115e-02
   6.6729600e+02  -1.3121152e-02
   6.6762200e+02  -1.3012949e-02
   6.6794700e+02  -1.2923479e-02
   6.6827300e+02  -1.2853723e-02
   6.6859900e+02  -1.2803232e-02
   6.6892400e+02  -1.2770763e-02
   6.6925000e+02  -1.2753919e-02
   6.6957600e+02  -1.2750089e-02
   6.6990100e+02  -1.2757410e-02
   6.7022600e+02  -1.2773224e-02
   6.7055200e+02  -1.2794045e-02
   6.7087700e+02  -1.2816649e-02
   6.7120200e+02  -1.2838731e-02
   6.7152800e+02  -1.2858580e-02
   6.7185300e+02  -1.2874489e-02
   6.7217800e+02  -1.2885196e-02
   6.7250300e+02  -1.2890854e-02
   6.7282800e+02  -1.2892344e-02
   6.7315300e+02  -1.2892368e-02
   6.7347800e+02  -1.2893060e-02
   6.7380300e+02  -1.2897269e-02
   6.7412800e+02  -1.2908469e-02
   6.7445300e+02  -1.2930503e-02
   6.7477700e+02  -1.2966665e-02
   6.7510200e+02  -1.3018326e-02
   6.7542700e+02  -1.3086630e-02
   6.7575100e+02  -1.3170739e-02
   6.7607600e+02  -1.3268379e-02
   6.7640000e+02  -1.3377613e-02
   6.7672500e+02  -1.3496161e-02
   6.7704900e+02  -1.3620826e-02
   6.7737400e+02  -1.3748093e-02
   6.7769800e+02  -1.3875784e-02
   6.7802200e+02  -1.4003180e-02
   6.7834600e+02  -1.4130074e-02
   6.7867100e+02  -1.4256210e-02
   6.7899500e+02  -1.4381378e-02
   6.7931900e+02  -1.4505876e-02
   6.7964300e+02  -1.4630386e-02
   6.7996700e+02  -1.4755454e-02
   6.8029100e+02  -1.4881481e-02
   6.8061500e+02  -1.5010532e-02
   6.8093900e+02  -1.5146490e-02
   6.8126200e+02  -1.5293050e-02
   6.8158600e+02  -1.5454101e-02
   6.8191000e+02  -1.5632966e-02
   6.8223400e+02  -1.5830870e-02
   6.8255700e+02  -1.6046233e-02
   6.8288100e+02  -1.6274726e-02
   6.8320400e+02  -1.6511149e-02
   6.8352800e+02  -1.6748777e-02
   6.8385100e+02  -1.6980780e-02
   6.8417400e+02  -1.7201308e-02
   6.8449800e+02  -1.7406087e-02
   6.8482100e+02  -1.7593452e-02
   6.8514400e+02  -1.7761546e-02
   6.8546700e+02  -1.7911513e-02
   6.8579100e+02  -1.8045552e-02
   6.8611400e+02  -1.8167451e-02
   6.8643700e+02  -1.8281149e-02
   6.8676000e+02  -1.8390976e-02
   6.8708300e+02  -1.8502341e-02
   6.8740500e+02  -1.8620469e-02
   6.8772800e+02  -1.8748750e-02
   6.8805100e+02  -1.8890543e-02
   6.8837400e+02  -1.9050399e-02
   6.8869700e+02  -1.9229698e-02
   6.8901900e+02  -1.9427895e-02
   6.8934200e+02  -1.9643535e-02
   6.8966400e+02  -1.9874801e-02
   6.8998700e+02  -2.0116851e-02
   6.9030900e+02  -2.0363457e-02
   6.9063200e+02  -2.0609472e-02
   6.9095400e+02  -2.0849652e-02
   6.9127600e+02  -2.1078767e-02
   6.9159900e+02  -2.1293365e-02
   6.9192100e+02  -2.1492224e-02
   6.9224300e+02  -2.1676418e-02
   6.9256500e+02  -2.1850123e-02
   6.9288700e+02  -2.2018513e-02
   6.9320900e+02  -2.2185728e-02
   6.9353100e+02  -2.2355783e-02
   6.9385300e+02  -2.2533121e-02
   6.9417500e+02  -2.2721707e-02
   6.9449700e+02  -2.2924305e-02
   6.9481900e+02  -2.3144606e-02
   6.9514000e+02  -2.3384884e-02
   6.9546200e+02  -2.3644874e-02
   6.9578400e+02  -2.3920235e-02
   6.9610500e+02  -2.4204277e-02
   6.9642700e+02  -2.4490705e-02
   6.9674800e+02  -2.4772240e-02
   6.9707000e+02  -2.5039509e-02
   6.9739100e+02  -2.5283201e-02
   6.9771200e+02  -2.5499126e-02
   6.9803400e+02  -2.5684840e-02
   6.9835500e+02  -2.5842451e-02
   6.9867600e+02  -2.5976235e-02
   6.9899700e+02  -2.6091939e-02
   6.9931800e+02  -2.6198020e-02
   6.9963900e+02  -2.6305378e-02
   6.9996000e+02  -2.6426601e-02
   7.0028100e+02  -2.6572347e-02
   7.0060200e+02  -2.6748376e-02
   7.0092300e+02  -2.6958612e-02
   7.0124400e+02  -2.7205267e-02
   7.0156500e+02  -2.7485946e-02
   7.0188500e+02  -2.7794443e-02
   7.0220600e+02  -2.8122283e-02
   7.0252700e+02  -2.8459836e-02
   7.0284700e+02  -2.8795683e-02
   7.0316800e+02  -2.9119078e-02
   7.0348800e+02  -2.9423297e-02
   7.0380900e+02  -2.9705955e-02
   7.0412900e+02  -2.9965406e-02
   7.0444900e+02  -3.0201462e-02
   7.0477000e+02  -3.0415183e-02
   7.0509000e+02  -3.0609704e-02
   7.0541000e+02  -3.0788177e-02
   7.0573000e+02  -3.0952377e-02
   7.0605000e+02  -3.1103786e-02
   7.0637000e+02  -3.1244188e-02
   7.0669000e+02  -3.1374536e-02
   7.0701000e+02  -3.1496800e-02
   7.0733000e+02  -3.1609461e-02
   7.0765000e+02  -3.1712098e-02
   7.0797000e+02  -3.1804988e-02
   7.0828900e+02  -3.1890107e-02
   7.0860900e+02  -3.1968522e-02
   7.0892900e+02  -3.2039843e-02
   7.0924800e+02  -3.2104890e-02
   7.0956800e+02  -3.2165466e-02
   7.0988700e+02  -3.2222310e-02
   7.1020700e+02  -3.2273366e-02
   7.1052600e+02  -3.2319731e-02
   7.1084600e+02  -3.2362336e-02
   7.1116500e+02  -3.2405671e-02
   7.1148400e+02  -3.2452119e-02
   7.1180300e+02  -3.2501613e-02
   7.1212300e+02  -3.2553975e-02
   7.1244200e+02  -3.2607114e-02
   7.1276100e+02  -3.2659037e-02
   7.1308000e+02  -3.2707930e-02
   7.1339900e+02  -3.2753779e-02
   7.1371800e+02  -3.2800984e-02
   7.1403600e+02  -3.2855598e-02
   7.1435500e+02  -3.2924265e-02
   7.1467400e+02  -3.3011381e-02
   7.1499300e+02  -3.3120380e-02
   7.1531100e+02  -3.3251429e-02
   7.1563000e+02  -3.3400042e-02
   7.1594900e+02  -3.3561980e-02
   7.1626700e+02  -3.3729997e-02
   7.1658600e+02  -3.3897453e-02
   7.1690400e+02  -3.4053250e-02
   7.1722200e+02  -3.4185422e-02
   7.1754100e+02  -3.4284227e-02
   7.1785900e+02  -3.4348797e-02
   7.1817700e+02  -3.4382316e-02
   7.1849500e+02  -3.4386149e-02
   7.1881300e+02  -3.4363322e-02
   7.1913100e+02  -3.4319789e-02
   7.1945000e+02  -3.4260640e-02
   7.1976700e+02  -3.4193438e-02
   7.2008500e+02  -3.4124219e-02
   7.2040300e+02  -3.4058308e-02
   7.2072100e+02  -3.3996567e-02
   7.2103900e+02  -3.3939142e-02
   7.2135700e+02  -3.3885358e-02
   7.2167400e+02  -3.3836682e-02
   7.2199200e+02  -3.3801953e-02
   7.2230900e+02  -3.3793625e-02
   7.2262700e+02  -3.3825007e-02
   7.2294500e+02  -3.3899738e-02
   7.2326200e+02  -3.4016075e-02
   7.2357900e+02  -3.4167871e-02
   7.2389700e+02  -3.4352146e-02
   7.2421400e+02  -3.4565305e-02
   7.2453100e+02  -3.4803778e-02
   7.2484800e+02  -3.5067017e-02
   7.2516600e+02  -3.5355372e-02
   7.2548300e+02  -3.5668124e-02
   7.2580000e+02  -3.6001107e-02
   7.2611700e+02  -3.6348992e-02
   7.2643400e+02  -3.6713140e-02
   7.2675000e+02  -3.7096871e-02
   7.2706700e+02  -3.7503293e-02
   7.2738400e+02  -3.7931055e-02
   7.2770100e+02  -3.8376418e-02
   7.2801800e+02  -3.8837823e-02
   7.2833400e+02  -3.9312065e-02
   7.2865100e+02  -3.9802860e-02
   7.2896700e+02  -4.0317130e-02
   7.2928400e+02  -4.0864874e-02
   7.2960000e+02  -4.1455047e-02
   7.2991700e+02  -4.2085817e-02
   7.3023300e+02  -4.2749658e-02
   7.3054900e+02  -4.3440623e-02
   7.3086600e+02  -4.4148976e-02
   7.3118200e+02  -4.4846587e-02
   7.3149800e+02  -4.5499183e-02
   7.3181400e+02  -4.6077190e-02
   7.3213000e+02  -4.6553064e-02
   7.3244600e+02  -4.6908262e-02
   7.3276200e+02  -4.7124709e-02
   7.3307800e+02  -4.7195621e-02
   7.3339400e+02  -4.7120925e-02
   7.3370900e+02  -4.6906025e-02
   7.3402500e+02  -4.6553319e-02
   7.3434100e+02  -4.6058277e-02
   7.3465700e+02  -4.5413229e-02
   7.3497200e+02  -4.4610612e-02
   7.3528800e+02  -4.3646736e-02
   7.3560300e+02  -4.2512880e-02
   7.3591900e+02  -4.1212743e-02
   7.3623400e+02  -3.9758129e-02
   7.3654900e+02  -3.8160153e-02
   7.3686500e+02  -3.6437302e-02
   7.3718000e+02  -3.4611916e-02
   7.3749500e+02  -3.2710951e-02
   7.3781000e+02  -3.0769159e-02
   7.3812500e+02  -2.8818114e-02
   7.3844000e+02  -2.6883801e-02
   7.3875500e+02  -2.4978518e-02
   7.3907000e+02  -2.3102209e-02
   7.3938500e+02  -2.1244868e-02
   7.3970000e+02  -1.9400047e-02
   7.4001500e+02  -1.7558654e-02
   7.4033000e+02  -1.5713510e-02
   7.4064400e+02  -1.3870557e-02
   7.4095900e+02  -1.2038942e-02
   7.4127400e+02  -1.0234937e-02
   7.4158800e+02  -8.4698222e-03
   7.4190300e+02  -6.7554400e-03
   7.4221700e+02  -5.0970963e-03
   7.4253200e+02  -3.4870658e-03
   7.4284600e+02  -1.8952928e-03
   7.4316000e+02  -2.9489287e-04
   7.4347500e+02   1.3212959e-03
   7.4378900e+02   2.9595538e-03
   7.4410300e+02   4.6350539e-03
   7.4441700e+02   6.3578854e-03
   7.4473100e+02   8.1321823e-03
   7.4504500e+02   9.9499200e-03
   7.4535900e+02   1.1801481e-02
   7.4567300e+02   1.3662905e-02
   7.4598700e+02   1.5504594e-02
   7.4630100e+02   1.7301596e-02
   7.4661400e+02   1.9032349e-02
   7.4692800e+02   2.0684699e-02
   7.4724200e+02   2.2244682e-02
   7.4755500e+02   2.3684414e-02
   7.4786900e+02   2.4977932e-02
   7.4818200e+02   2.6121875e-02
   7.4849600e+02   2.7120987e-02
   7.4880900e+02   2.7991402e-02
   7.4912300e+02   2.8762534e-02
   7.4943600e+02   2.9464700e-02
   7.4974900e+02   3.0124374e-02
   7.5006200e+02   3.0762497e-02
   7.5037500e+02   3.1389892e-02
   7.5068900e+02   3.2009794e-02
   7.5100200e+02   3.2617581e-02
   7.5131500e+02   3.3199485e-02
   7.5162800e+02   3.3726553e-02
   7.5194000e+02   3.4178673e-02
   7.5225300e+02   3.4550278e-02
   7.5256600e+02   3.4852841e-02
   7.5287900e+02   3.5115406e-02
   7.5319200e+02   3.5363425e-02
   7.5350400e+02   3.5623215e-02
   7.5381700e+02   3.5911178e-02
   7.5412900e+02   3.6236759e-02
   7.5444200e+02   3.6593597e-02
   7.5475400e+02   3.6971440e-02
   7.5506700e+02   3.7345504e-02
   7.5537900e+02   3.7699613e-02
   7.5569100e+02   3.8018689e-02
   7.5600400e+02   3.8273943e-02
   7.5631600e+02   3.8431190e-02
   7.5662800e+02   3.8479953e-02
   7.5694000e+02   3.8421119e-02
   7.5725200e+02   3.8263335e-02
   7.5756400e+02   3.8022760e-02
   7.5787600e+02   3.7729575e-02
   7.5818800e+02   3.7407181e-02
   7.5850000e+02   3.7056751e-02
   7.5881100e+02   3.6674106e-02
   7.5912300e+02   3.6257890e-02
   7.5943500e+02   3.5821613e-02
   7.5974700e+02   3.5387995e-02
   7.6005800e+02   3.4966576e-02
   7.6037000e+02   3.4563918e-02
   7.6068100e+02   3.4186066e-02
   7.6099300e+02   3.3836181e-02
   7.6130400e+02   3.3527589e-02
   7.6161500e+02   3.3277170e-02
   7.6192700e+02   3.3097078e-02
   7.6223800e+02   3.3004686e-02
   7.6254900e+02   3.3004378e-02
   7.6286000e+02   3.3084537e-02
   7.6317100e+02   3.3219796e-02
   7.6348200e+02   3.3379743e-02
   7.6379300e+02   3.3540227e-02
   7.6410400e+02   3.3668656e-02
   7.6441500e+02   3.3729206e-02
   7.6472600e+02   3.3693873e-02
   7.6503700e+02   3.3544734e-02
   7.6534700e+02   3.3279680e-02
   7.6565800e+02   3.2907627e-02
   7.6596900e+02   3.2449076e-02
   7.6627900e+02   3.1930060e-02
   7.6659000e+02   3.1378235e-02
   7.6690000e+02   3.0808415e-02
   7.6721100e+02   3.0226942e-02
   7.6752100e+02   2.9630704e-02
   7.6783100e+02   2.9016181e-02
   7.6814200e+02   2.8376996e-02
   7.6845200e+02   2.7706916e-02
   7.6876200e+02   2.6999871e-02
   7.6907200e+02   2.6262174e-02
   7.6938200e+02   2.5506376e-02
   7.6969200e+02   2.4730352e-02
   7.7000200e+02   2.3913360e-02
   7.7031200e+02   2.3041707e-02
   7.7062200e+02   2.2108461e-02
   7.7093200e+02   2.1107574e-02
   7.7124100e+02   2.0060249e-02
   7.7155100e+02   1.9006668e-02
   7.7186100e+02   1.7997965e-02
   7.7217000e+02   1.7089370e-02
   7.7248000e+02   1.6306348e-02
   7.7279000e+02   1.5654200e-02
   7.7309900e+02   1.5112423e-02
   7.7340800e+02   1.4649192e-02
   7.7371800e+02   1.4236949e-02
   7.7402700e+02   1.3856928e-02
   7.7433600e+02   1.3493354e-02
   7.7464500e+02   1.3129939e-02
   7.7495500e+02   1.2754372e-02
   7.7526400e+02   1.2364816e-02
   7.7557300e+02   1.1956677e-02
   7.7588200e+02   1.1517916e-02
   7.7619100e+02   1.1038840e-02
   7.7650000e+02   1.0513364e-02
   7.7680800e+02   9.9435956e-03
   7.7711700e+02   9.3343210e-03
   7.7742600e+02   8.6898011e-03
   7.7773500e+02   8.0210928e-03
   7.7804300e+02   7.3335260e-03
   7.7835200e+02   6.6270605e-03
   7.7866000e+02   5.9036567e-03
   7.7896900e+02   5.1695019e-03
   7.7927700e+02   4.4369869e-03
   7.7958600e+02   3.7238401e-03
   7.7989400e+02   3.0402322e-03
   7.8020200e+02   2.3823817e-03
   7.8051000e+02   1.7272967e-03
   7.8081900e+02   1.0527479e-03
   7.8112700e+02   3.3011728e-04
   7.8143500e+02  -4.7307848e-04
   7.8174300e+02  -1.3608192e-03
   7.8205100e+02  -2.3202294e-03
   7.8235900e+02  -3.3247128e-03
   7.8266700e+02  -4.3373406e-03
   7.8297400e+02  -5.3355523e-03
   7.8328200e+02  -6.3207309e-03
   7.8359000e+02  -7.2998848e-03
   7.8389800e+02  -8.2828367e-03
   7.8420500e+02  -9.2764820e-03
   7.8451300e+02  -1.0266290e-02
   7.8482000e+02  -1.1235581e-02
   7.8512800e+02  -1.2159545e-02
   7.8543500e+02  -1.3017966e-02
   7.8574200e+02  -1.3806664e-02
   7.8605000e+02  -1.4549934e-02
   7.8635700e+02  -1.5284503e-02
   7.8666400e+02  -1.6023865e-02
   7.8697100e+02  -1.6799578e-02
   7.8727800e+02  -1.7635651e-02
   7.8758500e+02  -1.8542504e-02
   7.8789200e+02  -1.9523367e-02
   7.8819900e+02  -2.0566964e-02
   7.8850600e+02  -2.1645050e-02
   7.8881300e+02  -2.2713286e-02
   7.8912000e+02  -2.3722913e-02
   7.8942700e+02  -2.4640803e-02
   7.8973300e+02  -2.5449165e-02
   7.9004000e+02  -2.6130810e-02
   7.9034600e+02  -2.6674347e-02
   7.9065300e+02  -2.7094875e-02
   7.9095900e+02  -2.7437840e-02
   7.9126600e+02  -2.7757381e-02
   7.9157200e+02  -2.8103900e-02
   7.9187900e+02  -2.8498507e-02
   7.9218500e+02  -2.8960922e-02
   7.9249100e+02  -2.9512396e-02
   7.9279700e+02  -3.0164339e-02
   7.9310300e+02  -3.0903191e-02
   7.9340900e+02  -3.1692754e-02
   7.9371500e+02  -3.2491335e-02
   7.9402100e+02  -3.3265414e-02
   7.9432700e+02  -3.4016894e-02
   7.9463300e+02  -3.4763948e-02
   7.9493900e+02  -3.5521042e-02
   7.9524500e+02  -3.6289230e-02
   7.9555000e+02  -3.7061583e-02
   7.9585600e+02  -3.7835929e-02
   7.9616200e+02  -3.8609791e-02
   7.9646700e+02  -3.9401886e-02
   7.9677300e+02  -4.0248857e-02
   7.9707800e+02  -4.1170872e-02
   7.9738300e+02  -4.2172512e-02
   7.9768900e+02  -4.3226278e-02
   7.9799400e+02  -4.4281181e-02
   7.9829900e+02  -4.5287167e-02
   7.9860400e+02  -4.6219454e-02
   7.9891000e+02  -4.7055133e-02
   7.9921500e+02  -4.7803080e-02
   7.9952000e+02  -4.8474487e-02
   7.9982500e+02  -4.9066757e-02
   8.0013000e+02  -4.9577464e-02
   8.0043400e+02  -5.0028735e-02
   8.0073900e+02  -5.0459382e-02
   8.0104400e+02  -5.0909846e-02
   8.0134900e+02  -5.1412357e-02
   8.0165300e+02  -5.1984879e-02
   8.0195800e+02  -5.2643933e-02
   8.0226300e+02  -5.3400554e-02
   8.0256700e+02  -5.4245492e-02
   8.0287100e+02  -5.5138453e-02
   8.0317600e+02  -5.6037878e-02
   8.0348000e+02  -5.6916022e-02
   8.0378400e+02  -5.7767827e-02
   8.0408900e+02  -5.8608763e-02
   8.0439300e+02  -5.9456393e-02
   8.0469700e+02  -6.0330874e-02
   8.0500100e+02  -6.1261981e-02
   8.0530500e+02  -6.2284892e-02
   8.0560900e+02  -6.3418995e-02
   8.0591300e+02  -6.4663458e-02
   8.0621700e+02  -6.5992707e-02
   8.0652100e+02  -6.7383362e-02
   8.0682500e+02  -6.8828031e-02
   8.0712800e+02  -7.0315827e-02
   8.0743200e+02  -7.1816681e-02
   8.0773600e+02  -7.3309166e-02
   8.0803900e+02  -7.4772925e-02
   8.0834300e+02  -7.6145181e-02
   8.0864600e+02  -7.7359164e-02
   8.0894900e+02  -7.8371896e-02
   8.0925300e+02  -7.9161113e-02
   8.0955600e+02  -7.9697708e-02
   8.0985900e+02  -7.9965252e-02
   8.1016300e+02  -7.9959368e-02
   8.1046600e+02  -7.9714002e-02
   8.1076900e+02  -7.9281705e-02
   8.1107200e+02  -7.8718078e-02
   8.1137500e+02  -7.8097793e-02
   8.1167800e+02  -7.7492087e-02
   8.1198100e+02  -7.6951326e-02
   8.1228300e+02  -7.6501082e-02
   8.1258600e+02  -7.6153587e-02
   8.1288900e+02  -7.5910612e-02
   8.1319200e+02  -7.5786651e-02
   8.1349400e+02  -7.5809596e-02
   8.1379700e+02  -7.5977861e-02
   8.1409900e+02  -7.6296532e-02
   8.1440200e+02  -7.6767966e-02
   8.1470400e+02  -7.7412652e-02
   8.1500700e+02  -7.8256987e-02
   8.1530900e+02  -7.9286992e-02
   8.1561100e+02  -8.0463434e-02
   8.1591300e+02  -8.1748921e-02
   8.1621500e+02  -8.3110180e-02
   8.1651800e+02  -8.4509836e-02
   8.1682000e+02  -8.5917773e-02
   8.1712200e+02  -8.7329959e-02
   8.1742300e+02  -8.8757232e-02
   8.1772500e+02  -9.0125299e-02
   8.1802700e+02  -9.1364315e-02
   8.1832900e+02  -9.2408427e-02
   8.1863100e+02  -9.3205642e-02
   8.1893200e+02  -9.3721684e-02
   8.1923400e+02  -9.3945816e-02
   8.1953600e+02  -9.3873252e-02
   8.1983700e+02  -9.3550654e-02
   8.2013900e+02  -9.3061308e-02
   8.2044000e+02  -9.2458647e-02
   8.2074100e+02  -9.1781834e-02
   8.2104300e+02  -9.1106945e-02
   8.2134400e+02  -9.0581872e-02
   8.2164500e+02  -9.0366475e-02
   8.2194600e+02  -9.0565746e-02
   8.2224700e+02  -9.1165144e-02
   8.2254800e+02  -9.2067107e-02
   8.2284900e+02  -9.3129104e-02
   8.2315000e+02  -9.4243284e-02
   8.2345100e+02  -9.5421823e-02
   8.2375200e+02  -9.6736505e-02
   8.2405300e+02  -9.8318051e-02
   8.2435300e+02  -1.0039055e-01
   8.2465400e+02  -1.0307920e-01
   8.2495500e+02  -1.0631539e-01
   8.2525500e+02  -1.0969129e-01
   8.2555600e+02  -1.1282935e-01
   8.2585600e+02  -1.1549364e-01
   8.2615700e+02  -1.1750918e-01
   8.2645700e+02  -1.1868393e-01
   8.2675700e+02  -1.1881552e-01
   8.2705700e+02  -1.1822452e-01
   8.2735800e+02  -1.1744792e-01
   8.2765800e+02  -1.1673645e-01
   8.2795800e+02  -1.1610184e-01
   8.2825800e+02  -1.1554528e-01
   8.2855800e+02  -1.1528529e-01
   8.2885800e+02  -1.1544979e-01
   8.2915800e+02  -1.1588644e-01
   8.2945800e+02  -1.1645989e-01
   8.2975700e+02  -1.1712585e-01
   8.3005700e+02  -1.1788097e-01
   8.3035700e+02  -1.1853142e-01
   8.3065600e+02  -1.1905323e-01
   8.3095600e+02  -1.1932555e-01
   8.3125500e+02  -1.1930616e-01
   8.3155500e+02  -1.1890655e-01
   8.3185400e+02  -1.1778636e-01
   8.3215400e+02  -1.1581130e-01
   8.3245300e+02  -1.1316923e-01
   8.3275200e+02  -1.1005026e-01
   8.3305100e+02  -1.0650265e-01
   8.3335000e+02  -1.0254026e-01
   8.3364900e+02  -9.8125053e-02
   8.3394800e+02  -9.3628579e-02
   8.3424700e+02  -8.9622459e-02
   8.3454600e+02  -8.6356654e-02
   8.3484500e+02  -8.3764336e-02
   8.3514400e+02  -8.1663747e-02
   8.3544300e+02  -7.9875820e-02
   8.3574100e+02  -7.7843827e-02
   8.3604000e+02  -7.4777557e-02
   8.3633900e+02  -7.0116256e-02
   8.3663700e+02  -6.3380621e-02
   8.3693600e+02  -5.4444641e-02
   8.3723400e+02  -4.3317864e-02
   8.3753300e+02  -3.0357750e-02
   8.3783100e+02  -1.6173631e-02
   8.3812900e+02  -1.4687471e-03
   8.3842700e+02   1.2988703e-02
   8.3872600e+02   2.6561428e-02
   8.3902400e+02   3.8608685e-02
   8.3932200e+02   4.8519535e-02
   8.3962000e+02   5.5907507e-02
   8.3991800e+02   6.0807987e-02
   8.4021600e+02   6.3337135e-02
   8.4051300e+02   6.3525927e-02
   8.4081100e+02   6.1251506e-02
   8.4110900e+02   5.6778747e-02
   8.4140700e+02   5.0792205e-02
   8.4170400e+02   4.3948523e-02
   8.4200200e+02   3.6856145e-02
   8.4229900e+02   3.0438633e-02
   8.4259700e+02   2.5453513e-02
   8.4289400e+02   2.2459692e-02
   8.4319200e+02   2.1511475e-02
   8.4348900e+02   2.1920077e-02
   8.4378600e+02   2.3054650e-02
   8.4408300e+02   2.4223160e-02
   8.4438100e+02   2.4756333e-02
   8.4467800e+02   2.4224521e-02
   8.4497500e+02   2.2551443e-02
   8.4527200e+02   1.9753397e-02
   8.4556900e+02   1.6194806e-02
   8.4586600e+02   1.2165916e-02
   8.4616200e+02   8.0408238e-03
   8.4645900e+02   4.2493787e-03
   8.4675600e+02   1.2524106e-03
   8.4705200e+02  -6.5092505e-04
   8.4734900e+02  -1.8787510e-03
   8.4764600e+02  -3.1318761e-03
   8.4794200e+02  -4.3225915e-03
   8.4823900e+02  -5.2070991e-03
   8.4853500e+02  -5.5566207e-03
   8.4883100e+02  -5.4209828e-03
   8.4912800e+02  -4.9983063e-03
   8.4942400e+02  -4.7198909e-03
   8.4972000e+02  -5.0868275e-03
   8.5001600e+02  -6.1932235e-03
   8.5031200e+02  -7.8763943e-03
   8.5060800e+02  -1.0281415e-02
   8.5090400e+02  -1.3748877e-02
   8.5120000e+02  -1.8649030e-02
   8.5149600e+02  -2.5303405e-02
   8.5179200e+02  -3.3587607e-02
   8.5208800e+02  -4.3197917e-02
   8.5238300e+02  -5.3324948e-02
   8.5267900e+02  -6.3032715e-02
   8.5297500e+02  -7.1559038e-02
   8.5327000e+02  -7.8259075e-02
   8.5356600e+02  -8.2765604e-02
   8.5386100e+02  -8.4923983e-02
   8.5415600e+02  -8.5063045e-02
   8.5445200e+02  -8.4199543e-02
   8.5474700e+02  -8.3286171e-02
   8.5504200e+02  -8.2592339e-02
   8.5533700e+02  -8.2093339e-02
   8.5563200e+02  -8.1279952e-02
   8.5592700e+02  -7.9840038e-02
   8.5622200e+02  -7.7907564e-02
   8.5651700e+02  -7.5614196e-02
   8.5681200e+02  -7.3121821e-02
   8.5710700e+02  -7.0731811e-02
   8.5740200e+02  -6.8464022e-02
   8.5769700e+02  -6.6392096e-02
   8.5799100e+02  -6.4379380e-02
   8.5828600e+02  -6.1753064e-02
   8.5858100e+02  -5.7921685e-02
   8.5887500e+02  -5.2621680e-02
   8.5916900e+02  -4.5996071e-02
   8.5946400e+02  -3.9057993e-02
   8.5975800e+02  -3.2754881e-02
   8.6005300e+02  -2.7606697e-02
   8.6034700e+02  -2.3562577e-02
   8.6064100e+02  -2.0395006e-02
   8.6093500e+02  -1.7777779e-02
   8.6122900e+02  -1.5107920e-02
   8.6152300e+02  -1.2178432e-02
   8.6181700e+02  -9.5150301e-03
   8.6211100e+02  -7.9598178e-03
   8.6240500e+02  -7.6718462e-03
   8.6269900e+02  -8.1951885e-03
   8.6299200e+02  -8.8936100e-03
   8.6328600e+02  -9.4201801e-03
   8.6358000e+02  -9.5970580e-03
   8.6387300e+02  -9.6481343e-03
   8.6416700e+02  -1.0043795e-02
   8.6446000e+02  -1.1207530e-02
   8.6475400e+02  -1.3093991e-02
   8.6504700e+02  -1.5626144e-02
   8.6534100e+02  -1.9173757e-02
   8.6563400e+02  -2.3272938e-02
   8.6592700e+02  -2.6820938e-02
   8.6622000e+02  -2.9144950e-02
   8.6651300e+02  -3.0417541e-02
   8.6680600e+02  -3.1011238e-02
   8.6709900e+02  -3.1388389e-02
   8.6739200e+02  -3.1733278e-02
   8.6768500e+02  -3.0785992e-02
   8.6797800e+02  -2.9679754e-02
   8.6827100e+02  -2.8297157e-02
   8.6856300e+02  -2.6636862e-02
   8.6885600e+02  -2.4712295e-02
   8.6914900e+02  -2.2540396e-02
   8.6944100e+02  -2.0161544e-02
   8.6973400e+02  -1.7611556e-02
   8.7002600e+02  -1.4916895e-02
   8.7031900e+02  -1.2093943e-02
   8.7061100e+02  -9.1842948e-03
   8.7090300e+02  -6.2370117e-03
   8.7119500e+02  -3.2640222e-03
   8.7148800e+02  -2.8460983e-04
   8.7178000e+02   2.6771761e-03
   8.7207200e+02   5.6071566e-03
   8.7236400e+02   8.5211195e-03
   8.7265600e+02   1.1436394e-02
   8.7294800e+02   1.4359078e-02
   8.7323900e+02   1.7285007e-02
   8.7353100e+02   2.0211638e-02
   8.7382300e+02   2.3137736e-02
